A = [[ 0.      0.      1.      0.    ]
     [ 0.      0.      0.      1.    ]
     [ 0.      5.7552  0.      0.    ]
     [ 0.     12.971   0.      0.    ]];
 
 
B = [[0.        ]
     [0.        ]
     [0.13333333]
     [0.11111111]];
     
C = [[1. 0. 0. 0.]
     [0. 1. 0. 0.]];
     
K = [[ -2.00366979 199.78340569  -6.64587178  52.07504646]];
L = [[ 2.45    0.15  ]
     [ 0.15    2.45  ]
     [ 1.49    5.9452]
     [ 0.19   14.461 ]];